VECT
602 602 602
1 1 1 1 1 1 1 1 1 1 1 1 1 1 1 1 1 1 1 1 1 1 1 1 1 1 1 1 1 1 1 1 1 1 1 1 1 1 1 1 1 1 1 1 1 1 1 1 1 1 1 1 1 1 1 1 1 1 1 1 1 1 1 1 1 1 1 1 1 1 1 1 1 1 1 1 1 1 1 1 1 1 1 1 1 1 1 1 1 1 1 1 1 1 1 1 1 1 1 1 1 1 1 1 1 1 1 1 1 1 1 1 1 1 1 1 1 1 1 1 1 1 1 1 1 1 1 1 1 1 1 1 1 1 1 1 1 1 1 1 1 1 1 1 1 1 1 1 1 1 1 1 1 1 1 1 1 1 1 1 1 1 1 1 1 1 1 1 1 1 1 1 1 1 1 1 1 1 1 1 1 1 1 1 1 1 1 1 1 1 1 1 1 1 1 1 1 1 1 1 1 1 1 1 1 1 1 1 1 1 1 1 1 1 1 1 1 1 1 1 1 1 1 1 1 1 1 1 1 1 1 1 1 1 1 1 1 1 1 1 1 1 1 1 1 1 1 1 1 1 1 1 1 1 1 1 1 1 1 1 1 1 1 1 1 1 1 1 1 1 1 1 1 1 1 1 1 1 1 1 1 1 1 1 1 1 1 1 1 1 1 1 1 1 1 1 1 1 1 1 1 1 1 1 1 1 1 1 1 1 1 1 1 1 1 1 1 1 1 1 1 1 1 1 1 1 1 1 1 1 1 1 1 1 1 1 1 1 1 1 1 1 1 1 1 1 1 1 1 1 1 1 1 1 1 1 1 1 1 1 1 1 1 1 1 1 1 1 1 1 1 1 1 1 1 1 1 1 1 1 1 1 1 1 1 1 1 1 1 1 1 1 1 1 1 1 1 1 1 1 1 1 1 1 1 1 1 1 1 1 1 1 1 1 1 1 1 1 1 1 1 1 1 1 1 1 1 1 1 1 1 1 1 1 1 1 1 1 1 1 1 1 1 1 1 1 1 1 1 1 1 1 1 1 1 1 1 1 1 1 1 1 1 1 1 1 1 1 1 1 1 1 1 1 1 1 1 1 1 1 1 1 1 1 1 1 1 1 1 1 1 1 1 1 1 1 1 1 1 1 1 1 1 1 1 1 1 1 1 1 1 1 1 1 1 1 1 1 1 1 1 1 1 1 1 1 1 1 1 1 1 1 1 1 1 1 1 1 1 1 1 1 1 1 1 1 1 1 1 1 1 1 1 1 1 1 1 1 1 1 1 1 1 1 1 1 1 1 1 1 1 1 1 1 1 1 1 1 1 1 1 1 1 1 1 1 1 1 1 1 1 1 1 1 1 1 1 1 1 1 1 1 
1 1 1 1 1 1 1 1 1 1 1 1 1 1 1 1 1 1 1 1 1 1 1 1 1 1 1 1 1 1 1 1 1 1 1 1 1 1 1 1 1 1 1 1 1 1 1 1 1 1 1 1 1 1 1 1 1 1 1 1 1 1 1 1 1 1 1 1 1 1 1 1 1 1 1 1 1 1 1 1 1 1 1 1 1 1 1 1 1 1 1 1 1 1 1 1 1 1 1 1 1 1 1 1 1 1 1 1 1 1 1 1 1 1 1 1 1 1 1 1 1 1 1 1 1 1 1 1 1 1 1 1 1 1 1 1 1 1 1 1 1 1 1 1 1 1 1 1 1 1 1 1 1 1 1 1 1 1 1 1 1 1 1 1 1 1 1 1 1 1 1 1 1 1 1 1 1 1 1 1 1 1 1 1 1 1 1 1 1 1 1 1 1 1 1 1 1 1 1 1 1 1 1 1 1 1 1 1 1 1 1 1 1 1 1 1 1 1 1 1 1 1 1 1 1 1 1 1 1 1 1 1 1 1 1 1 1 1 1 1 1 1 1 1 1 1 1 1 1 1 1 1 1 1 1 1 1 1 1 1 1 1 1 1 1 1 1 1 1 1 1 1 1 1 1 1 1 1 1 1 1 1 1 1 1 1 1 1 1 1 1 1 1 1 1 1 1 1 1 1 1 1 1 1 1 1 1 1 1 1 1 1 1 1 1 1 1 1 1 1 1 1 1 1 1 1 1 1 1 1 1 1 1 1 1 1 1 1 1 1 1 1 1 1 1 1 1 1 1 1 1 1 1 1 1 1 1 1 1 1 1 1 1 1 1 1 1 1 1 1 1 1 1 1 1 1 1 1 1 1 1 1 1 1 1 1 1 1 1 1 1 1 1 1 1 1 1 1 1 1 1 1 1 1 1 1 1 1 1 1 1 1 1 1 1 1 1 1 1 1 1 1 1 1 1 1 1 1 1 1 1 1 1 1 1 1 1 1 1 1 1 1 1 1 1 1 1 1 1 1 1 1 1 1 1 1 1 1 1 1 1 1 1 1 1 1 1 1 1 1 1 1 1 1 1 1 1 1 1 1 1 1 1 1 1 1 1 1 1 1 1 1 1 1 1 1 1 1 1 1 1 1 1 1 1 1 1 1 1 1 1 1 1 1 1 1 1 1 1 1 1 1 1 1 1 1 1 1 1 1 1 1 1 1 1 1 1 1 1 1 1 1 1 1 1 1 1 1 1 1 1 1 1 1 1 1 1 1 1 1 1 1 1 1 1 1 1 1 1 1 1 1 1 1 1 1 1 1 1 1 1 1 1 1 1 1 1 1 1 1 1 1 1 1 1 1 1 1 1 1 1 1 
10 10 10
10 10 11
10 10 12
10 10 13
10 10 14
10 10 15
10 10 16
10 10 17
10 10 18
10 10 19
10 10 20
10 11 10
10 11 11
10 11 12
10 11 13
10 11 14
10 11 15
10 11 16
10 11 17
10 11 18
10 11 19
10 11 20
10 12 10
10 12 11
10 12 12
10 12 13
10 12 14
10 12 15
10 12 16
10 12 17
10 12 18
10 12 19
10 12 20
10 13 10
10 13 11
10 13 12
10 13 13
10 13 14
10 13 15
10 13 16
10 13 17
10 13 18
10 13 19
10 13 20
10 14 10
10 14 11
10 14 12
10 14 13
10 14 14
10 14 15
10 14 16
10 14 17
10 14 18
10 14 19
10 14 20
10 15 10
10 15 11
10 15 12
10 15 13
10 15 14
10 15 15
10 15 16
10 15 17
10 15 18
10 15 19
10 15 20
10 16 10
10 16 11
10 16 12
10 16 13
10 16 14
10 16 15
10 16 16
10 16 17
10 16 18
10 16 19
10 16 20
10 17 10
10 17 11
10 17 12
10 17 13
10 17 14
10 17 15
10 17 16
10 17 17
10 17 18
10 17 19
10 17 20
10 18 10
10 18 11
10 18 12
10 18 13
10 18 14
10 18 15
10 18 16
10 18 17
10 18 18
10 18 19
10 18 20
10 19 10
10 19 11
10 19 12
10 19 13
10 19 14
10 19 15
10 19 16
10 19 17
10 19 18
10 19 19
10 19 20
10 20 10
10 20 11
10 20 12
10 20 13
10 20 14
10 20 15
10 20 16
10 20 17
10 20 18
10 20 19
10 20 20
11 10 10
11 10 11
11 10 12
11 10 13
11 10 14
11 10 15
11 10 16
11 10 17
11 10 18
11 10 19
11 10 20
11 11 10
11 11 20
11 12 10
11 12 20
11 13 10
11 13 20
11 14 10
11 14 20
11 15 10
11 15 20
11 16 10
11 16 20
11 17 10
11 17 20
11 18 10
11 18 20
11 19 10
11 19 20
11 20 10
11 20 11
11 20 12
11 20 13
11 20 14
11 20 15
11 20 16
11 20 17
11 20 18
11 20 19
11 20 20
12 10 10
12 10 11
12 10 12
12 10 13
12 10 14
12 10 15
12 10 16
12 10 17
12 10 18
12 10 19
12 10 20
12 11 10
12 11 20
12 12 10
12 12 20
12 13 10
12 13 20
12 14 10
12 14 20
12 15 10
12 15 20
12 16 10
12 16 20
12 17 10
12 17 20
12 18 10
12 18 20
12 19 10
12 19 20
12 20 10
12 20 11
12 20 12
12 20 13
12 20 14
12 20 15
12 20 16
12 20 17
12 20 18
12 20 19
12 20 20
13 10 10
13 10 11
13 10 12
13 10 13
13 10 14
13 10 15
13 10 16
13 10 17
13 10 18
13 10 19
13 10 20
13 11 10
13 11 20
13 12 10
13 12 20
13 13 10
13 13 20
13 14 10
13 14 20
13 15 10
13 15 20
13 16 10
13 16 20
13 17 10
13 17 20
13 18 10
13 18 20
13 19 10
13 19 20
13 20 10
13 20 11
13 20 12
13 20 13
13 20 14
13 20 15
13 20 16
13 20 17
13 20 18
13 20 19
13 20 20
14 10 10
14 10 11
14 10 12
14 10 13
14 10 14
14 10 15
14 10 16
14 10 17
14 10 18
14 10 19
14 10 20
14 11 10
14 11 20
14 12 10
14 12 20
14 13 10
14 13 20
14 14 10
14 14 20
14 15 10
14 15 20
14 16 10
14 16 20
14 17 10
14 17 20
14 18 10
14 18 20
14 19 10
14 19 20
14 20 10
14 20 11
14 20 12
14 20 13
14 20 14
14 20 15
14 20 16
14 20 17
14 20 18
14 20 19
14 20 20
15 10 10
15 10 11
15 10 12
15 10 13
15 10 14
15 10 15
15 10 16
15 10 17
15 10 18
15 10 19
15 10 20
15 11 10
15 11 20
15 12 10
15 12 20
15 13 10
15 13 20
15 14 10
15 14 20
15 15 10
15 15 20
15 16 10
15 16 20
15 17 10
15 17 20
15 18 10
15 18 20
15 19 10
15 19 20
15 20 10
15 20 11
15 20 12
15 20 13
15 20 14
15 20 15
15 20 16
15 20 17
15 20 18
15 20 19
15 20 20
16 10 10
16 10 11
16 10 12
16 10 13
16 10 14
16 10 15
16 10 16
16 10 17
16 10 18
16 10 19
16 10 20
16 11 10
16 11 20
16 12 10
16 12 20
16 13 10
16 13 20
16 14 10
16 14 20
16 15 10
16 15 20
16 16 10
16 16 20
16 17 10
16 17 20
16 18 10
16 18 20
16 19 10
16 19 20
16 20 10
16 20 11
16 20 12
16 20 13
16 20 14
16 20 15
16 20 16
16 20 17
16 20 18
16 20 19
16 20 20
17 10 10
17 10 11
17 10 12
17 10 13
17 10 14
17 10 15
17 10 16
17 10 17
17 10 18
17 10 19
17 10 20
17 11 10
17 11 20
17 12 10
17 12 20
17 13 10
17 13 20
17 14 10
17 14 20
17 15 10
17 15 20
17 16 10
17 16 20
17 17 10
17 17 20
17 18 10
17 18 20
17 19 10
17 19 20
17 20 10
17 20 11
17 20 12
17 20 13
17 20 14
17 20 15
17 20 16
17 20 17
17 20 18
17 20 19
17 20 20
18 10 10
18 10 11
18 10 12
18 10 13
18 10 14
18 10 15
18 10 16
18 10 17
18 10 18
18 10 19
18 10 20
18 11 10
18 11 20
18 12 10
18 12 20
18 13 10
18 13 20
18 14 10
18 14 20
18 15 10
18 15 20
18 16 10
18 16 20
18 17 10
18 17 20
18 18 10
18 18 20
18 19 10
18 19 20
18 20 10
18 20 11
18 20 12
18 20 13
18 20 14
18 20 15
18 20 16
18 20 17
18 20 18
18 20 19
18 20 20
19 10 10
19 10 11
19 10 12
19 10 13
19 10 14
19 10 15
19 10 16
19 10 17
19 10 18
19 10 19
19 10 20
19 11 10
19 11 20
19 12 10
19 12 20
19 13 10
19 13 20
19 14 10
19 14 20
19 15 10
19 15 20
19 16 10
19 16 20
19 17 10
19 17 20
19 18 10
19 18 20
19 19 10
19 19 20
19 20 10
19 20 11
19 20 12
19 20 13
19 20 14
19 20 15
19 20 16
19 20 17
19 20 18
19 20 19
19 20 20
20 10 10
20 10 11
20 10 12
20 10 13
20 10 14
20 10 15
20 10 16
20 10 17
20 10 18
20 10 19
20 10 20
20 11 10
20 11 11
20 11 12
20 11 13
20 11 14
20 11 15
20 11 16
20 11 17
20 11 18
20 11 19
20 11 20
20 12 10
20 12 11
20 12 12
20 12 13
20 12 14
20 12 15
20 12 16
20 12 17
20 12 18
20 12 19
20 12 20
20 13 10
20 13 11
20 13 12
20 13 13
20 13 14
20 13 15
20 13 16
20 13 17
20 13 18
20 13 19
20 13 20
20 14 10
20 14 11
20 14 12
20 14 13
20 14 14
20 14 15
20 14 16
20 14 17
20 14 18
20 14 19
20 14 20
20 15 10
20 15 11
20 15 12
20 15 13
20 15 14
20 15 15
20 15 16
20 15 17
20 15 18
20 15 19
20 15 20
20 16 10
20 16 11
20 16 12
20 16 13
20 16 14
20 16 15
20 16 16
20 16 17
20 16 18
20 16 19
20 16 20
20 17 10
20 17 11
20 17 12
20 17 13
20 17 14
20 17 15
20 17 16
20 17 17
20 17 18
20 17 19
20 17 20
20 18 10
20 18 11
20 18 12
20 18 13
20 18 14
20 18 15
20 18 16
20 18 17
20 18 18
20 18 19
20 18 20
20 19 10
20 19 11
20 19 12
20 19 13
20 19 14
20 19 15
20 19 16
20 19 17
20 19 18
20 19 19
20 19 20
20 20 10
20 20 11
20 20 12
20 20 13
20 20 14
20 20 15
20 20 16
20 20 17
20 20 18
20 20 19
20 20 20
1.00 0.00 0.00 1.00
1.00 0.00 0.00 1.00
1.00 0.00 0.00 1.00
1.00 0.00 0.00 1.00
1.00 0.00 0.00 1.00
1.00 0.00 0.00 1.00
1.00 0.00 0.00 1.00
1.00 0.00 0.00 1.00
1.00 0.00 0.00 1.00
1.00 0.00 0.00 1.00
1.00 0.00 0.00 1.00
1.00 0.00 0.00 1.00
1.00 0.00 0.00 1.00
1.00 0.00 0.00 1.00
1.00 0.00 0.00 1.00
1.00 0.00 0.00 1.00
1.00 0.00 0.00 1.00
1.00 0.00 0.00 1.00
1.00 0.00 0.00 1.00
1.00 0.00 0.00 1.00
1.00 0.00 0.00 1.00
1.00 0.00 0.00 1.00
1.00 0.00 0.00 1.00
1.00 0.00 0.00 1.00
1.00 0.00 0.00 1.00
1.00 0.00 0.00 1.00
1.00 0.00 0.00 1.00
1.00 0.00 0.00 1.00
1.00 0.00 0.00 1.00
1.00 0.00 0.00 1.00
1.00 0.00 0.00 1.00
1.00 0.00 0.00 1.00
1.00 0.00 0.00 1.00
1.00 0.00 0.00 1.00
1.00 0.00 0.00 1.00
1.00 0.00 0.00 1.00
1.00 0.00 0.00 1.00
1.00 0.00 0.00 1.00
1.00 0.00 0.00 1.00
1.00 0.00 0.00 1.00
1.00 0.00 0.00 1.00
1.00 0.00 0.00 1.00
1.00 0.00 0.00 1.00
1.00 0.00 0.00 1.00
1.00 0.00 0.00 1.00
1.00 0.00 0.00 1.00
1.00 0.00 0.00 1.00
1.00 0.00 0.00 1.00
1.00 0.00 0.00 1.00
1.00 0.00 0.00 1.00
1.00 0.00 0.00 1.00
1.00 0.00 0.00 1.00
1.00 0.00 0.00 1.00
1.00 0.00 0.00 1.00
1.00 0.00 0.00 1.00
1.00 0.00 0.00 1.00
1.00 0.00 0.00 1.00
1.00 0.00 0.00 1.00
1.00 0.00 0.00 1.00
1.00 0.00 0.00 1.00
1.00 0.00 0.00 1.00
1.00 0.00 0.00 1.00
1.00 0.00 0.00 1.00
1.00 0.00 0.00 1.00
1.00 0.00 0.00 1.00
1.00 0.00 0.00 1.00
1.00 0.00 0.00 1.00
1.00 0.00 0.00 1.00
1.00 0.00 0.00 1.00
1.00 0.00 0.00 1.00
1.00 0.00 0.00 1.00
1.00 0.00 0.00 1.00
1.00 0.00 0.00 1.00
1.00 0.00 0.00 1.00
1.00 0.00 0.00 1.00
1.00 0.00 0.00 1.00
1.00 0.00 0.00 1.00
1.00 0.00 0.00 1.00
1.00 0.00 0.00 1.00
1.00 0.00 0.00 1.00
1.00 0.00 0.00 1.00
1.00 0.00 0.00 1.00
1.00 0.00 0.00 1.00
1.00 0.00 0.00 1.00
1.00 0.00 0.00 1.00
1.00 0.00 0.00 1.00
1.00 0.00 0.00 1.00
1.00 0.00 0.00 1.00
1.00 0.00 0.00 1.00
1.00 0.00 0.00 1.00
1.00 0.00 0.00 1.00
1.00 0.00 0.00 1.00
1.00 0.00 0.00 1.00
1.00 0.00 0.00 1.00
1.00 0.00 0.00 1.00
1.00 0.00 0.00 1.00
1.00 0.00 0.00 1.00
1.00 0.00 0.00 1.00
1.00 0.00 0.00 1.00
1.00 0.00 0.00 1.00
1.00 0.00 0.00 1.00
1.00 0.00 0.00 1.00
1.00 0.00 0.00 1.00
1.00 0.00 0.00 1.00
1.00 0.00 0.00 1.00
1.00 0.00 0.00 1.00
1.00 0.00 0.00 1.00
1.00 0.00 0.00 1.00
1.00 0.00 0.00 1.00
1.00 0.00 0.00 1.00
1.00 0.00 0.00 1.00
1.00 0.00 0.00 1.00
1.00 0.00 0.00 1.00
1.00 0.00 0.00 1.00
1.00 0.00 0.00 1.00
1.00 0.00 0.00 1.00
1.00 0.00 0.00 1.00
1.00 0.00 0.00 1.00
1.00 0.00 0.00 1.00
1.00 0.00 0.00 1.00
1.00 0.00 0.00 1.00
1.00 0.00 0.00 1.00
1.00 0.00 0.00 1.00
1.00 0.00 0.00 1.00
1.00 0.00 0.00 1.00
1.00 0.00 0.00 1.00
1.00 0.00 0.00 1.00
1.00 0.00 0.00 1.00
1.00 0.00 0.00 1.00
1.00 0.00 0.00 1.00
1.00 0.00 0.00 1.00
1.00 0.00 0.00 1.00
1.00 0.00 0.00 1.00
1.00 0.00 0.00 1.00
1.00 0.00 0.00 1.00
1.00 0.00 0.00 1.00
1.00 0.00 0.00 1.00
1.00 0.00 0.00 1.00
1.00 0.00 0.00 1.00
1.00 0.00 0.00 1.00
1.00 0.00 0.00 1.00
1.00 0.00 0.00 1.00
1.00 0.00 0.00 1.00
1.00 0.00 0.00 1.00
1.00 0.00 0.00 1.00
1.00 0.00 0.00 1.00
1.00 0.00 0.00 1.00
1.00 0.00 0.00 1.00
1.00 0.00 0.00 1.00
1.00 0.00 0.00 1.00
1.00 0.00 0.00 1.00
1.00 0.00 0.00 1.00
1.00 0.00 0.00 1.00
1.00 0.00 0.00 1.00
1.00 0.00 0.00 1.00
1.00 0.00 0.00 1.00
1.00 0.00 0.00 1.00
1.00 0.00 0.00 1.00
1.00 0.00 0.00 1.00
1.00 0.00 0.00 1.00
1.00 0.00 0.00 1.00
1.00 0.00 0.00 1.00
1.00 0.00 0.00 1.00
1.00 0.00 0.00 1.00
1.00 0.00 0.00 1.00
1.00 0.00 0.00 1.00
1.00 0.00 0.00 1.00
1.00 0.00 0.00 1.00
1.00 0.00 0.00 1.00
1.00 0.00 0.00 1.00
1.00 0.00 0.00 1.00
1.00 0.00 0.00 1.00
1.00 0.00 0.00 1.00
1.00 0.00 0.00 1.00
1.00 0.00 0.00 1.00
1.00 0.00 0.00 1.00
1.00 0.00 0.00 1.00
1.00 0.00 0.00 1.00
1.00 0.00 0.00 1.00
1.00 0.00 0.00 1.00
1.00 0.00 0.00 1.00
1.00 0.00 0.00 1.00
1.00 0.00 0.00 1.00
1.00 0.00 0.00 1.00
1.00 0.00 0.00 1.00
1.00 0.00 0.00 1.00
1.00 0.00 0.00 1.00
1.00 0.00 0.00 1.00
1.00 0.00 0.00 1.00
1.00 0.00 0.00 1.00
1.00 0.00 0.00 1.00
1.00 0.00 0.00 1.00
1.00 0.00 0.00 1.00
1.00 0.00 0.00 1.00
1.00 0.00 0.00 1.00
1.00 0.00 0.00 1.00
1.00 0.00 0.00 1.00
1.00 0.00 0.00 1.00
1.00 0.00 0.00 1.00
1.00 0.00 0.00 1.00
1.00 0.00 0.00 1.00
1.00 0.00 0.00 1.00
1.00 0.00 0.00 1.00
1.00 0.00 0.00 1.00
1.00 0.00 0.00 1.00
1.00 0.00 0.00 1.00
1.00 0.00 0.00 1.00
1.00 0.00 0.00 1.00
1.00 0.00 0.00 1.00
1.00 0.00 0.00 1.00
1.00 0.00 0.00 1.00
1.00 0.00 0.00 1.00
1.00 0.00 0.00 1.00
1.00 0.00 0.00 1.00
1.00 0.00 0.00 1.00
1.00 0.00 0.00 1.00
1.00 0.00 0.00 1.00
1.00 0.00 0.00 1.00
1.00 0.00 0.00 1.00
1.00 0.00 0.00 1.00
1.00 0.00 0.00 1.00
1.00 0.00 0.00 1.00
1.00 0.00 0.00 1.00
1.00 0.00 0.00 1.00
1.00 0.00 0.00 1.00
1.00 0.00 0.00 1.00
1.00 0.00 0.00 1.00
1.00 0.00 0.00 1.00
1.00 0.00 0.00 1.00
1.00 0.00 0.00 1.00
1.00 0.00 0.00 1.00
1.00 0.00 0.00 1.00
1.00 0.00 0.00 1.00
1.00 0.00 0.00 1.00
1.00 0.00 0.00 1.00
1.00 0.00 0.00 1.00
1.00 0.00 0.00 1.00
1.00 0.00 0.00 1.00
1.00 0.00 0.00 1.00
1.00 0.00 0.00 1.00
1.00 0.00 0.00 1.00
1.00 0.00 0.00 1.00
1.00 0.00 0.00 1.00
1.00 0.00 0.00 1.00
1.00 0.00 0.00 1.00
1.00 0.00 0.00 1.00
1.00 0.00 0.00 1.00
1.00 0.00 0.00 1.00
1.00 0.00 0.00 1.00
1.00 0.00 0.00 1.00
1.00 0.00 0.00 1.00
1.00 0.00 0.00 1.00
1.00 0.00 0.00 1.00
1.00 0.00 0.00 1.00
1.00 0.00 0.00 1.00
1.00 0.00 0.00 1.00
1.00 0.00 0.00 1.00
1.00 0.00 0.00 1.00
1.00 0.00 0.00 1.00
1.00 0.00 0.00 1.00
1.00 0.00 0.00 1.00
1.00 0.00 0.00 1.00
1.00 0.00 0.00 1.00
1.00 0.00 0.00 1.00
1.00 0.00 0.00 1.00
1.00 0.00 0.00 1.00
1.00 0.00 0.00 1.00
1.00 0.00 0.00 1.00
1.00 0.00 0.00 1.00
1.00 0.00 0.00 1.00
1.00 0.00 0.00 1.00
1.00 0.00 0.00 1.00
1.00 0.00 0.00 1.00
1.00 0.00 0.00 1.00
1.00 0.00 0.00 1.00
1.00 0.00 0.00 1.00
1.00 0.00 0.00 1.00
1.00 0.00 0.00 1.00
1.00 0.00 0.00 1.00
1.00 0.00 0.00 1.00
1.00 0.00 0.00 1.00
1.00 0.00 0.00 1.00
1.00 0.00 0.00 1.00
1.00 0.00 0.00 1.00
1.00 0.00 0.00 1.00
1.00 0.00 0.00 1.00
1.00 0.00 0.00 1.00
1.00 0.00 0.00 1.00
1.00 0.00 0.00 1.00
1.00 0.00 0.00 1.00
1.00 0.00 0.00 1.00
1.00 0.00 0.00 1.00
1.00 0.00 0.00 1.00
1.00 0.00 0.00 1.00
1.00 0.00 0.00 1.00
1.00 0.00 0.00 1.00
1.00 0.00 0.00 1.00
1.00 0.00 0.00 1.00
1.00 0.00 0.00 1.00
1.00 0.00 0.00 1.00
1.00 0.00 0.00 1.00
1.00 0.00 0.00 1.00
1.00 0.00 0.00 1.00
1.00 0.00 0.00 1.00
1.00 0.00 0.00 1.00
1.00 0.00 0.00 1.00
1.00 0.00 0.00 1.00
1.00 0.00 0.00 1.00
1.00 0.00 0.00 1.00
1.00 0.00 0.00 1.00
1.00 0.00 0.00 1.00
1.00 0.00 0.00 1.00
1.00 0.00 0.00 1.00
1.00 0.00 0.00 1.00
1.00 0.00 0.00 1.00
1.00 0.00 0.00 1.00
1.00 0.00 0.00 1.00
1.00 0.00 0.00 1.00
1.00 0.00 0.00 1.00
1.00 0.00 0.00 1.00
1.00 0.00 0.00 1.00
1.00 0.00 0.00 1.00
1.00 0.00 0.00 1.00
1.00 0.00 0.00 1.00
1.00 0.00 0.00 1.00
1.00 0.00 0.00 1.00
1.00 0.00 0.00 1.00
1.00 0.00 0.00 1.00
1.00 0.00 0.00 1.00
1.00 0.00 0.00 1.00
1.00 0.00 0.00 1.00
1.00 0.00 0.00 1.00
1.00 0.00 0.00 1.00
1.00 0.00 0.00 1.00
1.00 0.00 0.00 1.00
1.00 0.00 0.00 1.00
1.00 0.00 0.00 1.00
1.00 0.00 0.00 1.00
1.00 0.00 0.00 1.00
1.00 0.00 0.00 1.00
1.00 0.00 0.00 1.00
1.00 0.00 0.00 1.00
1.00 0.00 0.00 1.00
1.00 0.00 0.00 1.00
1.00 0.00 0.00 1.00
1.00 0.00 0.00 1.00
1.00 0.00 0.00 1.00
1.00 0.00 0.00 1.00
1.00 0.00 0.00 1.00
1.00 0.00 0.00 1.00
1.00 0.00 0.00 1.00
1.00 0.00 0.00 1.00
1.00 0.00 0.00 1.00
1.00 0.00 0.00 1.00
1.00 0.00 0.00 1.00
1.00 0.00 0.00 1.00
1.00 0.00 0.00 1.00
1.00 0.00 0.00 1.00
1.00 0.00 0.00 1.00
1.00 0.00 0.00 1.00
1.00 0.00 0.00 1.00
1.00 0.00 0.00 1.00
1.00 0.00 0.00 1.00
1.00 0.00 0.00 1.00
1.00 0.00 0.00 1.00
1.00 0.00 0.00 1.00
1.00 0.00 0.00 1.00
1.00 0.00 0.00 1.00
1.00 0.00 0.00 1.00
1.00 0.00 0.00 1.00
1.00 0.00 0.00 1.00
1.00 0.00 0.00 1.00
1.00 0.00 0.00 1.00
1.00 0.00 0.00 1.00
1.00 0.00 0.00 1.00
1.00 0.00 0.00 1.00
1.00 0.00 0.00 1.00
1.00 0.00 0.00 1.00
1.00 0.00 0.00 1.00
1.00 0.00 0.00 1.00
1.00 0.00 0.00 1.00
1.00 0.00 0.00 1.00
1.00 0.00 0.00 1.00
1.00 0.00 0.00 1.00
1.00 0.00 0.00 1.00
1.00 0.00 0.00 1.00
1.00 0.00 0.00 1.00
1.00 0.00 0.00 1.00
1.00 0.00 0.00 1.00
1.00 0.00 0.00 1.00
1.00 0.00 0.00 1.00
1.00 0.00 0.00 1.00
1.00 0.00 0.00 1.00
1.00 0.00 0.00 1.00
1.00 0.00 0.00 1.00
1.00 0.00 0.00 1.00
1.00 0.00 0.00 1.00
1.00 0.00 0.00 1.00
1.00 0.00 0.00 1.00
1.00 0.00 0.00 1.00
1.00 0.00 0.00 1.00
1.00 0.00 0.00 1.00
1.00 0.00 0.00 1.00
1.00 0.00 0.00 1.00
1.00 0.00 0.00 1.00
1.00 0.00 0.00 1.00
1.00 0.00 0.00 1.00
1.00 0.00 0.00 1.00
1.00 0.00 0.00 1.00
1.00 0.00 0.00 1.00
1.00 0.00 0.00 1.00
1.00 0.00 0.00 1.00
1.00 0.00 0.00 1.00
1.00 0.00 0.00 1.00
1.00 0.00 0.00 1.00
1.00 0.00 0.00 1.00
1.00 0.00 0.00 1.00
1.00 0.00 0.00 1.00
1.00 0.00 0.00 1.00
1.00 0.00 0.00 1.00
1.00 0.00 0.00 1.00
1.00 0.00 0.00 1.00
1.00 0.00 0.00 1.00
1.00 0.00 0.00 1.00
1.00 0.00 0.00 1.00
1.00 0.00 0.00 1.00
1.00 0.00 0.00 1.00
1.00 0.00 0.00 1.00
1.00 0.00 0.00 1.00
1.00 0.00 0.00 1.00
1.00 0.00 0.00 1.00
1.00 0.00 0.00 1.00
1.00 0.00 0.00 1.00
1.00 0.00 0.00 1.00
1.00 0.00 0.00 1.00
1.00 0.00 0.00 1.00
1.00 0.00 0.00 1.00
1.00 0.00 0.00 1.00
1.00 0.00 0.00 1.00
1.00 0.00 0.00 1.00
1.00 0.00 0.00 1.00
1.00 0.00 0.00 1.00
1.00 0.00 0.00 1.00
1.00 0.00 0.00 1.00
1.00 0.00 0.00 1.00
1.00 0.00 0.00 1.00
1.00 0.00 0.00 1.00
1.00 0.00 0.00 1.00
1.00 0.00 0.00 1.00
1.00 0.00 0.00 1.00
1.00 0.00 0.00 1.00
1.00 0.00 0.00 1.00
1.00 0.00 0.00 1.00
1.00 0.00 0.00 1.00
1.00 0.00 0.00 1.00
1.00 0.00 0.00 1.00
1.00 0.00 0.00 1.00
1.00 0.00 0.00 1.00
1.00 0.00 0.00 1.00
1.00 0.00 0.00 1.00
1.00 0.00 0.00 1.00
1.00 0.00 0.00 1.00
1.00 0.00 0.00 1.00
1.00 0.00 0.00 1.00
1.00 0.00 0.00 1.00
1.00 0.00 0.00 1.00
1.00 0.00 0.00 1.00
1.00 0.00 0.00 1.00
1.00 0.00 0.00 1.00
1.00 0.00 0.00 1.00
1.00 0.00 0.00 1.00
1.00 0.00 0.00 1.00
1.00 0.00 0.00 1.00
1.00 0.00 0.00 1.00
1.00 0.00 0.00 1.00
1.00 0.00 0.00 1.00
1.00 0.00 0.00 1.00
1.00 0.00 0.00 1.00
1.00 0.00 0.00 1.00
1.00 0.00 0.00 1.00
1.00 0.00 0.00 1.00
1.00 0.00 0.00 1.00
1.00 0.00 0.00 1.00
1.00 0.00 0.00 1.00
1.00 0.00 0.00 1.00
1.00 0.00 0.00 1.00
1.00 0.00 0.00 1.00
1.00 0.00 0.00 1.00
1.00 0.00 0.00 1.00
1.00 0.00 0.00 1.00
1.00 0.00 0.00 1.00
1.00 0.00 0.00 1.00
1.00 0.00 0.00 1.00
1.00 0.00 0.00 1.00
1.00 0.00 0.00 1.00
1.00 0.00 0.00 1.00
1.00 0.00 0.00 1.00
1.00 0.00 0.00 1.00
1.00 0.00 0.00 1.00
1.00 0.00 0.00 1.00
1.00 0.00 0.00 1.00
1.00 0.00 0.00 1.00
1.00 0.00 0.00 1.00
1.00 0.00 0.00 1.00
1.00 0.00 0.00 1.00
1.00 0.00 0.00 1.00
1.00 0.00 0.00 1.00
1.00 0.00 0.00 1.00
1.00 0.00 0.00 1.00
1.00 0.00 0.00 1.00
1.00 0.00 0.00 1.00
1.00 0.00 0.00 1.00
1.00 0.00 0.00 1.00
1.00 0.00 0.00 1.00
1.00 0.00 0.00 1.00
1.00 0.00 0.00 1.00
1.00 0.00 0.00 1.00
1.00 0.00 0.00 1.00
1.00 0.00 0.00 1.00
1.00 0.00 0.00 1.00
1.00 0.00 0.00 1.00
1.00 0.00 0.00 1.00
1.00 0.00 0.00 1.00
1.00 0.00 0.00 1.00
1.00 0.00 0.00 1.00
1.00 0.00 0.00 1.00
1.00 0.00 0.00 1.00
1.00 0.00 0.00 1.00
1.00 0.00 0.00 1.00
1.00 0.00 0.00 1.00
1.00 0.00 0.00 1.00
1.00 0.00 0.00 1.00
1.00 0.00 0.00 1.00
1.00 0.00 0.00 1.00
1.00 0.00 0.00 1.00
1.00 0.00 0.00 1.00
1.00 0.00 0.00 1.00
1.00 0.00 0.00 1.00
1.00 0.00 0.00 1.00
1.00 0.00 0.00 1.00
1.00 0.00 0.00 1.00
1.00 0.00 0.00 1.00
1.00 0.00 0.00 1.00
1.00 0.00 0.00 1.00
1.00 0.00 0.00 1.00
1.00 0.00 0.00 1.00
1.00 0.00 0.00 1.00
1.00 0.00 0.00 1.00
1.00 0.00 0.00 1.00
1.00 0.00 0.00 1.00
1.00 0.00 0.00 1.00
1.00 0.00 0.00 1.00
1.00 0.00 0.00 1.00
1.00 0.00 0.00 1.00
1.00 0.00 0.00 1.00
1.00 0.00 0.00 1.00
1.00 0.00 0.00 1.00
1.00 0.00 0.00 1.00
1.00 0.00 0.00 1.00
1.00 0.00 0.00 1.00
1.00 0.00 0.00 1.00
1.00 0.00 0.00 1.00
1.00 0.00 0.00 1.00
1.00 0.00 0.00 1.00
1.00 0.00 0.00 1.00
1.00 0.00 0.00 1.00
1.00 0.00 0.00 1.00
1.00 0.00 0.00 1.00
1.00 0.00 0.00 1.00
1.00 0.00 0.00 1.00
1.00 0.00 0.00 1.00
1.00 0.00 0.00 1.00
1.00 0.00 0.00 1.00
1.00 0.00 0.00 1.00
1.00 0.00 0.00 1.00
1.00 0.00 0.00 1.00
1.00 0.00 0.00 1.00
1.00 0.00 0.00 1.00
1.00 0.00 0.00 1.00
1.00 0.00 0.00 1.00
1.00 0.00 0.00 1.00
1.00 0.00 0.00 1.00
1.00 0.00 0.00 1.00
1.00 0.00 0.00 1.00
1.00 0.00 0.00 1.00
1.00 0.00 0.00 1.00
1.00 0.00 0.00 1.00
1.00 0.00 0.00 1.00
1.00 0.00 0.00 1.00
1.00 0.00 0.00 1.00
1.00 0.00 0.00 1.00
1.00 0.00 0.00 1.00
1.00 0.00 0.00 1.00
1.00 0.00 0.00 1.00
1.00 0.00 0.00 1.00
1.00 0.00 0.00 1.00
1.00 0.00 0.00 1.00
1.00 0.00 0.00 1.00
1.00 0.00 0.00 1.00
1.00 0.00 0.00 1.00
1.00 0.00 0.00 1.00
1.00 0.00 0.00 1.00
